133	11020	3	133	0	-1	13000	20000	28000	30000	0	4589	4	-1	-1	-1	-1	-1	-1	-1	0	30	0	-1	-1	1	-1	-1	2	-1	-1	3	-1	-1	4	-1	-1	-1	-1	-1	-1	-1	-1	-1	-1	-1	-1	-1	-1	-1	-1	-1	0	0	0	-1	-1	-1	-1	-1	2	5	0	None	1	0	0
132	11020	3	132	0	-1	15000	26000	37000	40000	0	4556	3	-1	-1	-1	-1	-1	-1	-1	0	26	0	-1	-1	1	-1	-1	2	-1	-1	3	-1	-1	4	-1	-1	-1	-1	-1	-1	-1	-1	-1	-1	-1	-1	-1	-1	-1	-1	-1	0	0	0	-1	-1	-1	-1	-1	2	2	0	None	1	0	0
131	11020	3	131	0	-1	14000	16000	18000	19000	0	4523	2	-1	-1	-1	-1	-1	-1	-1	0	28	0	-1	-1	1	-1	-1	2	-1	-1	3	-1	-1	4	-1	-1	-1	-1	-1	-1	-1	-1	-1	-1	-1	-1	-1	-1	-1	-1	-1	0	0	0	-1	-1	-1	-1	-1	2	7	0	None	1	0	0
130	11083	3	130	0	-1	40000	50000	65000	70000	0	4490	5	40	-1	-1	-1	-1	-1	-1	0	40	0	-1	-1	1	-1	-1	2	-1	-1	3	-1	-1	-1	-1	-1	-1	-1	-1	-1	-1	-1	-1	-1	-1	-1	-1	-1	-1	-1	-1	0	0	0	-1	-1	-1	-1	-1	1	-1	0	None	1	0	1
137	11090	3	137	0	-1	30000	40000	42000	45000	0	4721	17	2	11	2	-1	-1	-1	-1	0	30	0	-1	-1	1	-1	-1	2	-1	-1	3	-1	-1	4	-1	-1	41	1	2	42	1	2	-1	-1	-1	-1	-1	-1	-1	-1	-1	0	0	0	-1	-1	-1	-1	-1	1	-1	1	None	1	0	0
136	11088	3	136	0	-1	60000	70000	72000	75000	0	4688	8	3	10	13	-1	-1	-1	-1	0	30	0	-1	-1	1	-1	-1	2	-1	-1	3	-1	-1	-1	-1	-1	9	2	3	-1	-1	-1	-1	-1	-1	-1	-1	-1	-1	-1	-1	0	0	0	-1	-1	-1	-1	-1	1	-1	1	None	1	0	0
135	11020	3	135	0	-1	5000	10000	20000	22000	0	4655	2	-1	3	-1	-1	-1	-1	-1	0	22	0	-1	-1	1	-1	-1	2	-1	-1	3	-1	-1	4	-1	-1	-1	-1	-1	-1	-1	-1	-1	-1	-1	-1	-1	-1	-1	-1	-1	0	0	0	-1	-1	-1	-1	-1	2	2	0	None	1	0	0
134	11020	3	134	0	-1	6000	12000	25000	30000	0	4622	5	-1	-1	-1	-1	-1	-1	-1	0	38	0	-1	-1	1	-1	-1	2	-1	-1	3	-1	-1	4	-1	-1	-1	-1	-1	-1	-1	-1	-1	-1	-1	-1	-1	-1	-1	-1	-1	0	0	0	-1	-1	-1	-1	-1	2	6	0	None	1	0	0
139	11020	3	139	0	-1	6000	7000	14000	15000	395	4787	2	-1	1	-1	-1	-1	-1	-1	0	22	0	-1	-1	1	-1	-1	2	-1	-1	3	-1	-1	4	-1	-1	-1	-1	-1	-1	-1	-1	-1	-1	-1	-1	-1	-1	-1	-1	-1	0	0	0	-1	-1	-1	-1	-1	2	6	0	None	1	0	0
138	11091	3	138	0	-1	70000	80000	87000	90000	0	4754	10	41	-1	-1	-1	-1	-1	-1	0	30	0	-1	-1	1	-1	-1	2	-1	-1	3	-1	-1	-1	-1	-1	-1	-1	-1	-1	-1	-1	-1	-1	-1	-1	-1	-1	-1	-1	-1	0	0	0	-1	-1	-1	-1	-1	1	-1	0	None	1	0	0
24	11029	3	24	0	-1	20000	33000	36000	41000	0	992	5	18	-1	-1	-1	-1	-1	-1	0	30	0	-1	-1	1	-1	-1	2	-1	-1	3	-1	-1	4	-1	-1	-1	-1	-1	-1	-1	-1	-1	-1	-1	-1	-1	-1	-1	-1	-1	0	0	0	-1	-1	-1	-1	-1	1	-1	0	None	1	0	0
25	11028	3	25	0	-1	9000	20000	27000	30000	0	1025	5	-1	-1	-1	-1	-1	-1	-1	0	22	0	-1	-1	1	-1	-1	2	-1	-1	3	-1	-1	4	-1	-1	-1	-1	-1	-1	-1	-1	-1	-1	-1	-1	-1	-1	-1	-1	-1	0	0	0	-1	-1	12	15	-1	2	2	0	None	1	0	0
26	11028	3	26	0	-1	9000	15000	20000	25000	0	1058	3	-1	0	-1	1	-1	-1	-1	0	27	0	-1	-1	1	-1	-1	2	-1	-1	3	-1	-1	4	-1	-1	-1	-1	-1	-1	-1	-1	-1	-1	-1	-1	-1	-1	-1	-1	-1	0	0	0	-1	-1	-1	-1	-1	2	2	0	None	1	0	0
27	11031	3	27	0	1500	1500	2000	2500	3000	0	1091	-1	-1	-1	-1	-1	-1	-1	-1	1	60	0	-1	-1	1	-1	-1	2	-1	-1	3	-1	-1	4	-1	-1	-1	-1	-1	-1	-1	-1	-1	-1	-1	-1	-1	-1	-1	-1	-1	0	0	0	-1	-1	9	9	-1	1	-1	0	None	1	0	0
20	11026	3	20	0	-1	12000	25000	32000	35000	0	860	9	12	-1	-1	-1	-1	-1	-1	0	32	0	-1	-1	1	-1	-1	2	-1	-1	3	-1	-1	4	-1	-1	-1	-1	-1	-1	-1	-1	-1	-1	-1	-1	-1	-1	-1	-1	-1	0	0	0	-1	-1	-1	-1	-1	1	-1	0	None	1	0	1
21	11027	3	21	0	-1	45000	60000	72000	80000	0	893	5	40	-1	-1	-1	-1	-1	-1	0	37	0	-1	-1	1	-1	-1	2	-1	-1	3	-1	-1	4	-1	-1	-1	-1	-1	-1	-1	-1	-1	-1	-1	-1	-1	-1	-1	-1	-1	0	0	0	-1	-1	-1	-1	-1	1	-1	0	None	1	0	0
22	11030	3	22	0	-1	25000	30000	33000	35000	0	926	5	18	-1	-1	-1	-1	-1	-1	0	35	0	-1	-1	1	-1	-1	2	-1	-1	3	-1	-1	4	-1	-1	-1	-1	-1	-1	-1	-1	-1	-1	-1	-1	-1	-1	-1	-1	-1	0	0	0	-1	-1	-1	-1	-1	1	-1	0	None	1	0	0
23	11028	3	23	0	-1	15000	16000	17000	18000	0	959	5	16	-1	-1	-1	-1	-1	-1	0	24	0	-1	-1	1	-1	-1	2	-1	-1	3	-1	-1	4	-1	-1	-1	-1	-1	-1	-1	-1	-1	-1	-1	-1	-1	-1	-1	-1	-1	0	0	0	-1	-1	-1	-1	-1	1	-1	0	None	1	0	0
28	11020	3	28	0	-1	1500	2300	2900	3200	0	1124	2	-1	-1	-1	-1	-1	-1	-1	0	38	0	-1	-1	1	-1	-1	2	-1	-1	3	-1	-1	4	-1	-1	-1	-1	-1	-1	-1	-1	-1	-1	-1	-1	-1	-1	-1	-1	-1	0	0	0	-1	-1	-1	-1	-1	2	2	0	None	1	0	0
29	11020	3	29	0	-1	1600	3300	3600	4000	57	1157	2	-1	-1	-1	-1	-1	-1	-1	1	99	0	-1	-1	1	-1	-1	2	-1	-1	3	-1	-1	4	-1	-1	-1	-1	-1	-1	-1	-1	-1	-1	-1	-1	-1	-1	-1	-1	-1	0	0	0	-1	-1	25	-1	-1	2	2	0	None	1	0	0
4	11020	3	4	0	-1	103	203	303	500	0	365	0	-1	-1	-1	-1	-1	-1	-1	0	16	0	-1	-1	1	-1	-1	2	-1	-1	3	-1	-1	4	-1	-1	-1	-1	-1	-1	-1	-1	-1	-1	-1	-1	-1	-1	-1	-1	-1	0	0	0	-1	-1	-1	-1	-1	2	2	0	g4	2	4	0
8	11022	3	8	0	-1	10000	12000	14000	15000	0	464	5	-1	-1	-1	-1	-1	-1	-1	0	20	0	-1	-1	1	-1	-1	2	-1	-1	3	-1	-1	4	-1	-1	-1	-1	-1	-1	-1	-1	-1	-1	-1	-1	-1	-1	-1	-1	-1	0	0	0	-1	-1	-1	-1	-1	2	2	0	None	1	6	0
119	11020	3	119	0	-1	10000	18000	25000	30000	325	4127	2	-1	-1	-1	-1	-1	-1	-1	0	28	0	-1	-1	1	-1	-1	2	-1	-1	3	-1	-1	4	-1	-1	-1	-1	-1	-1	-1	-1	-1	-1	-1	-1	-1	-1	-1	-1	-1	0	0	0	-1	-1	-1	-1	-1	2	5	0	None	1	0	0
120	11020	3	120	0	-1	3000	4000	5000	5500	0	4160	2	-1	-1	-1	-1	-1	-1	-1	0	18	0	-1	-1	1	-1	-1	2	-1	-1	3	-1	-1	4	-1	-1	-1	-1	-1	-1	-1	-1	-1	-1	-1	-1	-1	-1	-1	-1	-1	0	0	0	-1	-1	-1	-1	-1	2	2	0	None	1	0	1
121	11074	3	121	0	-1	45000	56000	67000	70000	0	4193	5	41	-1	-1	-1	-1	-1	-1	0	27	0	-1	-1	-1	-1	-1	2	-1	-1	3	-1	-1	4	-1	-1	-1	-1	-1	-1	-1	-1	-1	-1	-1	-1	-1	-1	-1	-1	-1	0	0	0	-1	-1	-1	-1	-1	1	-1	0	None	1	0	0
122	11075	3	122	0	-1	15000	17000	19000	20000	0	4226	5	17	-1	-1	-1	-1	-1	-1	0	30	0	-1	-1	1	-1	-1	2	-1	-1	3	-1	-1	4	-1	-1	-1	-1	-1	-1	-1	-1	-1	-1	-1	-1	-1	-1	-1	-1	-1	0	0	0	-1	-1	-1	-1	-1	1	-1	0	None	1	0	0
123	11076	3	123	0	-1	60000	75000	86000	90000	0	4259	8	3	11	3	-1	-1	-1	-1	0	35	0	-1	-1	1	-1	-1	2	-1	-1	3	-1	-1	4	-1	-1	41	1	3	9	1	3	-1	-1	-1	-1	-1	-1	-1	-1	-1	0	0	0	-1	-1	20	21	-1	1	-1	1	None	1	0	0
124	11077	3	124	0	-1	38000	43000	48000	50000	0	4292	5	38	-1	-1	-1	-1	-1	-1	0	30	0	-1	-1	1	-1	-1	2	-1	-1	3	-1	-1	4	-1	-1	-1	-1	-1	-1	-1	-1	-1	-1	-1	-1	-1	-1	-1	-1	-1	0	0	0	-1	-1	-1	-1	-1	1	-1	0	None	1	0	0
125	11078	3	125	0	-1	38000	45000	50000	52000	0	4325	10	13	-1	-1	-1	-1	-1	-1	0	30	0	-1	-1	1	-1	-1	2	-1	-1	3	-1	-1	4	-1	-1	-1	-1	-1	-1	-1	-1	-1	-1	-1	-1	-1	-1	-1	-1	-1	0	0	0	-1	-1	-1	-1	-1	1	-1	0	None	1	0	0
126	11079	3	126	0	-1	66000	80000	100000	105000	0	4358	17	2	11	2	-1	-1	-1	-1	0	27	0	-1	-1	1	-1	-1	2	-1	-1	3	-1	-1	4	-1	-1	41	1	2	42	1	2	-1	-1	-1	-1	-1	-1	-1	-1	-1	0	0	0	-1	-1	22	23	-1	1	-1	1	None	1	0	0
127	11080	3	127	0	-1	60000	80000	105000	110000	0	4391	5	26	-1	-1	-1	-1	-1	-1	0	35	0	-1	-1	1	-1	-1	2	-1	-1	3	-1	-1	4	-1	-1	-1	-1	-1	-1	-1	-1	-1	-1	-1	-1	-1	-1	-1	-1	-1	0	0	0	-1	-1	-1	-1	-1	1	-1	0	None	1	0	0
128	11081	3	128	0	-1	35000	40000	45000	50000	0	4424	8	2	17	2	-1	-1	-1	-1	0	30	0	-1	-1	1	-1	-1	2	-1	-1	3	-1	-1	4	-1	-1	42	1	2	9	1	2	-1	-1	-1	-1	-1	-1	-1	-1	-1	0	0	0	-1	-1	-1	-1	-1	1	-1	1	None	1	0	0
129	11082	3	129	0	-1	40000	55000	69000	70000	347	4457	5	25	-1	-1	-1	-1	-1	-1	0	47	0	-1	-1	1	-1	-1	-1	-1	-1	3	-1	-1	4	-1	-1	-1	-1	-1	-1	-1	-1	-1	-1	-1	-1	-1	-1	-1	-1	-1	0	0	0	-1	-1	-1	-1	-1	1	-1	0	None	1	0	0
118	11020	3	118	0	-1	2000	3000	4000	4500	0	4094	18	5	-1	-1	-1	-1	-1	-1	0	32	0	-1	-1	1	-1	-1	2	-1	-1	3	-1	-1	4	-1	-1	30	1	5	-1	-1	-1	-1	-1	-1	-1	-1	-1	-1	-1	-1	0	0	0	-1	-1	-1	-1	-1	1	-1	0	None	1	0	0
59	11020	3	59	0	-1	9000	15000	19000	20000	150	2147	3	-1	-1	-1	-1	-1	-1	-1	0	22	0	-1	-1	1	-1	-1	2	-1	-1	3	-1	-1	4	-1	-1	-1	-1	-1	-1	-1	-1	-1	-1	-1	-1	-1	-1	-1	-1	-1	0	0	0	-1	-1	-1	-1	-1	2	4	0	None	1	0	0
58	11020	3	58	0	-1	9000	12000	15000	16000	0	2114	-1	-1	2	-1	-1	-1	-1	-1	0	24	0	-1	-1	1	-1	-1	2	-1	-1	3	-1	-1	4	-1	-1	-1	-1	-1	-1	-1	-1	-1	-1	-1	-1	-1	-1	-1	-1	-1	0	0	0	-1	-1	-1	-1	-1	2	4	0	None	1	0	0
55	11020	3	55	0	-1	3200	3800	4500	5000	0	2015	-1	-1	2	-1	-1	-1	-1	-1	0	22	0	-1	-1	1	-1	-1	2	-1	-1	3	-1	-1	4	-1	-1	-1	-1	-1	-1	-1	-1	-1	-1	-1	-1	-1	-1	-1	-1	-1	0	0	0	-1	-1	-1	-1	-1	2	4	0	None	1	0	0
54	11020	3	54	0	-1	1000	2000	2500	5000	0	1982	-1	-1	4	-1	-1	-1	-1	-1	0	22	0	-1	-1	1	-1	-1	2	-1	-1	3	-1	-1	4	-1	-1	-1	-1	-1	-1	-1	-1	-1	-1	-1	-1	-1	-1	-1	-1	-1	0	0	0	-1	-1	-1	-1	-1	2	4	0	None	1	0	0
57	11020	3	57	0	-1	22000	26000	32000	38000	0	2081	-1	-1	2	-1	-1	-1	-1	-1	0	23	0	-1	-1	1	-1	-1	2	-1	-1	3	-1	-1	4	-1	-1	-1	-1	-1	-1	-1	-1	-1	-1	-1	-1	-1	-1	-1	-1	-1	0	0	0	-1	-1	-1	-1	-1	2	4	0	None	1	0	0
56	11020	3	56	0	-1	7000	9000	10000	11000	0	2048	1	-1	-1	-1	-1	-1	-1	-1	0	24	0	-1	-1	1	-1	-1	2	-1	-1	3	-1	-1	4	-1	-1	-1	-1	-1	-1	-1	-1	-1	-1	-1	-1	-1	-1	-1	-1	-1	0	0	0	-1	-1	-1	-1	-1	2	4	0	None	1	0	0
51	11020	3	51	0	-1	5000	7000	12000	16000	0	1883	3	-1	-1	-1	-1	-1	-1	-1	0	25	0	-1	-1	1	-1	-1	2	-1	-1	3	-1	-1	4	-1	-1	-1	-1	-1	-1	-1	-1	-1	-1	-1	-1	-1	-1	-1	-1	-1	0	0	0	-1	-1	-1	-1	-1	2	4	0	None	1	0	0
50	11043	3	50	0	-1	2000	2500	3000	4000	0	1850	0	35	2	33	3	25	-1	-1	0	31	0	-1	-1	1	-1	-1	2	-1	-1	3	-1	-1	4	-1	-1	-1	-1	-1	-1	-1	-1	-1	-1	-1	-1	-1	-1	-1	-1	-1	0	0	0	-1	-1	-1	-1	-1	1	-1	0	None	1	0	1
53	11020	3	53	0	-1	7000	9000	11000	13000	0	1949	1	-1	-1	-1	-1	-1	-1	-1	0	27	0	-1	-1	1	-1	-1	2	-1	-1	3	-1	-1	4	-1	-1	-1	-1	-1	-1	-1	-1	-1	-1	-1	-1	-1	-1	-1	-1	-1	0	0	0	-1	-1	-1	-1	-1	2	4	0	None	1	0	0
52	11020	3	52	0	-1	7000	8000	10000	11000	0	1916	-1	-1	2	-1	-1	-1	-1	-1	0	23	0	-1	-1	1	-1	-1	2	-1	-1	3	-1	-1	4	-1	-1	-1	-1	-1	-1	-1	-1	-1	-1	-1	-1	-1	-1	-1	-1	-1	0	0	0	-1	-1	-1	-1	-1	2	4	0	None	1	0	0
115	11020	3	115	0	-1	20000	30000	45000	48000	0	3995	2	-1	-1	-1	-1	-1	-1	-1	0	26	0	-1	-1	1	-1	-1	2	-1	-1	3	-1	-1	4	-1	-1	-1	-1	-1	-1	-1	-1	-1	-1	-1	-1	-1	-1	-1	-1	-1	0	0	0	-1	-1	-1	-1	-1	2	4	0	None	1	0	0
114	11020	3	114	0	-1	1000	2000	3000	3500	0	3962	0	-1	1	-1	2	-1	3	-1	1	30	0	-1	-1	1	-1	-1	2	-1	-1	3	-1	-1	4	-1	-1	-1	-1	-1	-1	-1	-1	-1	-1	-1	-1	-1	-1	-1	-1	-1	0	0	0	-1	-1	-1	-1	-1	2	2	0	None	1	0	0
88	11061	3	88	0	-1	70000	82000	90000	120000	0	3104	5	60	-1	-1	-1	-1	-1	-1	0	35	0	-1	-1	1	-1	-1	2	-1	-1	3	-1	-1	4	-1	-1	-1	-1	-1	-1	-1	-1	-1	-1	-1	-1	-1	-1	-1	-1	-1	0	0	0	-1	-1	-1	-1	-1	1	-1	0	None	1	0	0
89	11062	3	89	0	-1	55000	65000	72000	80000	0	3137	5	9	10	12	-1	-1	-1	-1	0	24	0	-1	-1	1	-1	-1	2	-1	-1	3	-1	-1	4	-1	-1	-1	-1	-1	-1	-1	-1	-1	-1	-1	-1	-1	-1	-1	-1	-1	0	0	0	-1	-1	-1	-1	-1	1	-1	0	None	1	0	0
111	11020	3	111	0	-1	1000	2000	3000	3500	0	3863	18	4	-1	-1	-1	-1	-1	-1	0	30	0	-1	-1	1	-1	-1	2	-1	-1	3	-1	-1	4	-1	-1	30	1	4	-1	-1	-1	-1	-1	-1	-1	-1	-1	-1	-1	-1	0	0	0	-1	-1	-1	-1	-1	1	-1	0	None	1	0	0
110	11073	3	110	0	-1	36000	41000	55000	60000	0	3830	5	20	-1	-1	-1	-1	-1	-1	0	28	0	-1	-1	1	-1	-1	2	-1	-1	3	-1	-1	4	-1	-1	-1	-1	-1	-1	-1	-1	-1	-1	-1	-1	-1	-1	-1	-1	-1	0	0	0	-1	-1	-1	-1	-1	1	-1	0	None	1	0	1
113	11020	3	113	0	-1	20000	30000	45000	50000	0	3929	5	-1	-1	-1	-1	-1	-1	-1	0	22	0	-1	-1	1	-1	-1	2	-1	-1	3	-1	-1	4	-1	-1	-1	-1	-1	-1	-1	-1	-1	-1	-1	-1	-1	-1	-1	-1	-1	0	0	0	-1	-1	-1	-1	-1	2	6	0	None	1	0	0
112	11020	3	112	0	-1	4000	5000	8000	9000	0	3896	2	-1	3	-1	-1	-1	-1	-1	0	24	0	-1	-1	1	-1	-1	2	-1	-1	3	-1	-1	4	-1	-1	-1	-1	-1	-1	-1	-1	-1	-1	-1	-1	-1	-1	-1	-1	-1	0	0	0	-1	-1	-1	-1	-1	2	2	0	None	1	0	0
82	11055	3	82	0	-1	55000	60000	67000	70000	0	2906	10	16	5	15	-1	-1	-1	-1	0	28	0	-1	-1	1	-1	-1	2	-1	-1	3	-1	-1	4	-1	-1	-1	-1	-1	-1	-1	-1	-1	-1	-1	-1	-1	-1	-1	-1	-1	0	0	0	-1	-1	-1	-1	-1	1	-1	0	None	1	0	0
83	11056	3	83	0	-1	13000	15000	18000	20000	0	2939	5	14	-1	-1	-1	-1	-1	-1	0	32	0	-1	-1	1	-1	-1	2	-1	-1	3	-1	-1	4	-1	-1	-1	-1	-1	-1	-1	-1	-1	-1	-1	-1	-1	-1	-1	-1	-1	0	0	0	-1	-1	-1	-1	-1	1	-1	0	None	1	0	0
80	11020	3	80	0	-1	9000	11000	13000	14000	0	2840	2	-1	-1	-1	-1	-1	-1	-1	0	24	0	-1	-1	1	-1	-1	2	-1	-1	3	-1	-1	4	-1	-1	-1	-1	-1	-1	-1	-1	-1	-1	-1	-1	-1	-1	-1	-1	-1	0	0	0	-1	-1	-1	-1	-1	2	6	0	None	1	0	1
81	11054	3	81	0	-1	51000	54000	55000	58000	0	2873	10	9	5	24	-1	-1	-1	-1	0	32	0	-1	-1	1	-1	-1	2	-1	-1	3	-1	-1	4	-1	-1	-1	-1	-1	-1	-1	-1	-1	-1	-1	-1	-1	-1	-1	-1	-1	0	0	0	-1	-1	-1	-1	-1	1	-1	0	None	1	0	0
86	11059	3	86	0	-1	1800	2500	3000	4000	0	3038	1	35	2	30	3	20	4	25	0	32	0	-1	-1	1	-1	-1	2	-1	-1	3	-1	-1	4	-1	-1	26	2	3	-1	-1	-1	-1	-1	-1	-1	-1	-1	-1	-1	-1	0	0	0	-1	-1	30	33	-1	1	-1	0	None	1	0	0
87	11060	3	87	0	-1	35000	38000	42000	47000	0	3071	5	21	-1	-1	-1	-1	-1	-1	0	30	0	-1	-1	1	-1	-1	2	-1	-1	3	-1	-1	4	-1	-1	-1	-1	-1	-1	-1	-1	-1	-1	-1	-1	-1	-1	-1	-1	-1	0	0	0	-1	-1	-1	-1	-1	1	-1	0	None	1	0	0
84	11057	3	84	0	-1	25000	32000	34000	38000	0	2972	5	30	-1	-1	-1	-1	-1	-1	0	36	0	-1	-1	1	-1	-1	2	-1	-1	3	-1	-1	4	-1	-1	-1	-1	-1	-1	-1	-1	-1	-1	-1	-1	-1	-1	-1	-1	-1	0	0	0	-1	-1	-1	-1	-1	1	-1	0	None	1	0	0
85	11058	3	85	0	-1	13000	17000	20000	21000	0	3005	10	6	-1	-1	-1	-1	-1	-1	0	32	0	-1	-1	1	-1	-1	2	-1	-1	3	-1	-1	4	-1	-1	-1	-1	-1	-1	-1	-1	-1	-1	-1	-1	-1	-1	-1	-1	-1	0	0	0	-1	-1	-1	-1	-1	1	-1	0	None	1	0	0
3	11020	3	3	0	-1	1000	1500	2300	3000	0	299	0	-1	-1	-1	-1	-1	-1	-1	0	24	0	-1	-1	1	-1	-1	2	-1	-1	3	-1	-1	4	-1	-1	-1	-1	-1	-1	-1	-1	-1	-1	-1	-1	-1	-1	-1	-1	-1	0	0	0	-1	-1	-1	-1	-1	2	2	0	g3	2	3	0
7	11021	3	7	0	-1	8000	10000	12000	14000	0	431	5	-1	-1	-1	-1	-1	-1	-1	0	20	0	-1	-1	1	-1	-1	2	-1	-1	3	-1	-1	4	-1	-1	-1	-1	-1	-1	-1	-1	-1	-1	-1	-1	-1	-1	-1	-1	-1	0	0	0	-1	-1	7	9	-1	2	2	0	None	1	0	0
108	11071	3	108	0	-1	60000	90000	130000	140000	0	3764	8	2	-1	-1	5	18	-1	-1	0	26	0	-1	-1	1	-1	-1	2	-1	-1	3	-1	-1	4	-1	-1	9	2	2	-1	-1	-1	-1	-1	-1	-1	-1	-1	-1	-1	-1	0	0	0	-1	-1	18	19	-1	1	-1	1	None	1	0	0
109	11072	3	109	0	-1	80000	95000	110000	120000	310	3797	5	28	-1	-1	-1	-1	-1	-1	0	45	0	-1	-1	1	-1	-1	2	-1	-1	3	-1	-1	4	-1	-1	-1	-1	-1	-1	-1	-1	-1	-1	-1	-1	-1	-1	-1	-1	-1	0	0	0	-1	-1	-1	-1	-1	1	-1	0	None	1	0	0
102	11065	3	102	0	-1	26000	30000	32000	35000	0	3566	11	3	-1	-1	-1	-1	-1	-1	0	24	0	-1	-1	1	-1	-1	2	-1	-1	3	-1	-1	4	-1	-1	41	1	3	-1	-1	-1	-1	-1	-1	-1	-1	-1	-1	-1	-1	0	0	0	-1	-1	-1	-1	-1	1	-1	1	None	1	0	0
103	11066	3	103	0	-1	50000	55000	60000	70000	0	3599	5	30	-1	-1	-1	-1	-1	-1	0	29	0	-1	-1	1	-1	-1	2	-1	-1	3	-1	-1	4	-1	-1	-1	-1	-1	-1	-1	-1	-1	-1	-1	-1	-1	-1	-1	-1	-1	0	0	0	-1	-1	-1	-1	-1	1	-1	0	None	1	0	0
100	11020	3	100	0	-1	9000	26000	40000	30000	0	3500	5	-1	-1	-1	-1	-1	-1	-1	0	29	0	-1	-1	1	-1	-1	2	-1	-1	3	-1	-1	4	-1	-1	-1	-1	-1	-1	-1	-1	-1	-1	-1	-1	-1	-1	-1	-1	-1	0	0	0	-1	-1	-1	-1	-1	2	3	0	None	1	0	1
101	11064	3	101	0	-1	16000	19000	21000	25000	0	3533	5	12	10	2	-1	-1	-1	-1	0	32	0	-1	-1	1	-1	-1	2	-1	-1	3	-1	-1	4	-1	-1	-1	-1	-1	-1	-1	-1	-1	-1	-1	-1	-1	-1	-1	-1	-1	0	0	0	-1	-1	-1	-1	-1	1	-1	0	None	1	0	0
106	11069	3	106	0	-1	1000	2000	3000	3500	0	3698	18	3	-1	-1	-1	-1	-1	-1	0	30	0	-1	-1	1	-1	-1	2	-1	-1	3	-1	-1	4	-1	-1	30	1	3	-1	-1	-1	-1	-1	-1	-1	-1	-1	-1	-1	-1	0	0	0	-1	-1	34	37	-1	1	-1	0	None	1	0	0
107	11070	3	107	0	-1	45000	60000	80000	90000	0	3731	5	49	-1	-1	-1	-1	-1	-1	0	22	0	-1	-1	1	-1	-1	2	-1	-1	3	-1	-1	4	-1	-1	-1	-1	-1	-1	-1	-1	-1	-1	-1	-1	-1	-1	-1	-1	-1	0	0	0	-1	-1	-1	-1	-1	1	-1	0	None	1	0	0
104	11067	3	104	0	-1	50000	60000	64000	70000	0	3632	8	6	-1	-1	-1	-1	-1	-1	0	30	0	-1	-1	1	-1	-1	2	-1	-1	3	-1	-1	4	-1	-1	9	2	6	-1	-1	-1	-1	-1	-1	-1	-1	-1	-1	-1	-1	0	0	0	-1	-1	-1	-1	-1	1	-1	1	None	1	0	0
105	11068	3	105	0	-1	45000	70000	90000	100000	0	3665	5	45	-1	-1	-1	-1	-1	-1	0	31	0	-1	-1	1	-1	-1	2	-1	-1	3	-1	-1	4	-1	-1	-1	-1	-1	-1	-1	-1	-1	-1	-1	-1	-1	-1	-1	-1	-1	0	0	0	-1	-1	-1	-1	-1	1	-1	0	None	1	0	0
39	11020	3	39	0	-1	19000	21000	25000	26000	90	1487	2	-1	-1	-1	-1	-1	-1	-1	0	28	0	-1	-1	1	-1	-1	2	-1	-1	3	-1	-1	4	-1	-1	-1	-1	-1	-1	-1	-1	-1	-1	-1	-1	-1	-1	-1	-1	-1	0	0	0	-1	-1	-1	-1	-1	2	2	0	None	1	0	0
38	11020	3	38	0	-1	6500	7000	8000	10000	0	1454	1	-1	-1	-1	-1	-1	-1	-1	0	25	0	-1	-1	1	-1	-1	2	-1	-1	3	-1	-1	4	-1	-1	-1	-1	-1	-1	-1	-1	-1	-1	-1	-1	-1	-1	-1	-1	-1	0	0	0	-1	-1	-1	-1	-1	2	4	0	None	1	0	0
33	11020	3	33	0	-1	7000	8000	9500	11000	0	1289	1	-1	-1	-1	-1	-1	-1	-1	0	22	0	-1	-1	1	-1	-1	2	-1	-1	3	-1	-1	4	-1	-1	-1	-1	-1	-1	-1	-1	-1	-1	-1	-1	-1	-1	-1	-1	-1	0	0	0	-1	-1	-1	-1	-1	2	3	0	None	1	0	0
32	11020	3	32	0	-1	500	550	600	700	0	1256	3	-1	2	-1	-1	-1	-1	-1	0	15	0	-1	-1	1	-1	-1	2	-1	-1	3	-1	-1	4	-1	-1	-1	-1	-1	-1	-1	-1	-1	-1	-1	-1	-1	-1	-1	-1	-1	0	0	0	-1	-1	-1	-1	-1	2	2	0	None	1	0	0
31	11020	3	31	0	-1	5000	7000	8200	9000	0	1223	3	-1	0	-1	-1	-1	-1	-1	0	19	0	-1	-1	1	-1	-1	2	-1	-1	3	-1	-1	4	-1	-1	-1	-1	-1	-1	-1	-1	-1	-1	-1	-1	-1	-1	-1	-1	-1	0	0	0	-1	-1	-1	-1	-1	2	2	0	None	1	0	0
30	11035	3	30	0	-1	12000	15000	19000	24000	0	1190	5	13	-1	-1	-1	-1	-1	-1	0	35	-1	-1	-1	1	-1	-1	2	-1	-1	3	-1	-1	4	-1	-1	-1	-1	-1	-1	-1	-1	-1	-1	-1	-1	-1	-1	-1	-1	-1	0	0	0	-1	-1	-1	-1	-1	1	-1	0	None	1	0	1
37	11020	3	37	0	-1	4500	5000	7700	8500	0	1421	4	-1	-1	-1	-1	-1	-1	-1	0	30	0	-1	-1	1	-1	-1	2	-1	-1	3	-1	-1	4	-1	-1	-1	-1	-1	-1	-1	-1	-1	-1	-1	-1	-1	-1	-1	-1	-1	0	0	0	-1	-1	-1	-1	-1	2	4	0	None	1	0	0
36	11020	3	36	0	-1	3000	4000	6000	7000	0	1388	3	-1	1	-1	-1	-1	-1	-1	1	65	0	-1	-1	1	-1	-1	2	-1	-1	3	-1	-1	4	-1	-1	-1	-1	-1	-1	-1	-1	-1	-1	-1	-1	-1	-1	-1	-1	-1	0	0	0	-1	-1	-1	-1	-1	2	2	0	None	1	0	0
35	11034	3	35	0	-1	17000	20000	24000	30000	0	1355	5	4	9	6	-1	-1	-1	-1	0	26	0	-1	-1	1	-1	-1	2	-1	-1	3	-1	-1	4	-1	-1	-1	-1	-1	-1	-1	-1	-1	-1	-1	-1	-1	-1	-1	-1	-1	0	0	0	-1	-1	-1	-1	-1	1	-1	0	None	1	0	0
34	11033	3	34	0	-1	36000	43000	46000	50000	0	1322	5	18	-1	-1	-1	-1	-1	-1	0	24	0	-1	-1	1	-1	-1	2	-1	-1	3	-1	-1	4	-1	-1	-1	-1	-1	-1	-1	-1	-1	-1	-1	-1	-1	-1	-1	-1	-1	0	0	0	-1	-1	-1	-1	-1	1	-1	0	None	1	0	0
60	11020	3	60	0	-1	15000	17000	19000	20000	0	2180	3	-1	-1	-1	-1	-1	-1	-1	0	22	0	-1	-1	1	-1	-1	2	-1	-1	3	-1	-1	4	-1	-1	-1	-1	-1	-1	-1	-1	-1	-1	-1	-1	-1	-1	-1	-1	-1	0	0	0	-1	-1	-1	-1	-1	2	4	0	None	1	0	1
61	11044	3	61	0	-1	8000	9000	11000	12000	0	2213	5	9	-1	-1	-1	-1	-1	-1	0	15	0	-1	-1	1	-1	-1	2	-1	-1	3	-1	-1	4	-1	-1	-1	-1	-1	-1	-1	-1	-1	-1	-1	-1	-1	-1	-1	-1	-1	0	0	0	-1	-1	-1	-1	-1	1	-1	0	None	1	0	0
62	11045	3	62	0	-1	2000	3000	4000	5000	0	2246	7	3	-1	-1	-1	-1	-1	-1	0	32	0	-1	-1	1	-1	-1	2	-1	-1	3	-1	-1	-1	-1	-1	6	-1	-1	-1	-1	-1	-1	-1	-1	-1	-1	-1	-1	-1	-1	0	0	0	-1	-1	26	29	-1	1	-1	0	None	1	0	0
63	11046	3	63	0	-1	20000	30000	45000	50000	0	2279	5	6	-1	-1	-1	-1	-1	-1	0	39	0	-1	-1	1	-1	-1	2	-1	-1	3	-1	-1	4	-1	-1	-1	-1	-1	-1	-1	-1	-1	-1	-1	-1	-1	-1	-1	-1	-1	0	0	0	-1	-1	-1	-1	-1	1	-1	0	None	1	0	0
64	11047	3	64	0	-1	55000	65000	75000	80000	0	2312	-1	-1	8	3	2	30	-1	-1	0	39	0	-1	-1	1	-1	-1	2	-1	-1	3	-1	-1	4	-1	-1	9	2	3	-1	-1	-1	-1	-1	-1	-1	-1	-1	-1	-1	-1	0	0	0	-1	-1	-1	-1	-1	1	-1	1	None	1	0	0
65	11048	3	65	0	-1	28000	29000	31100	33000	0	2345	5	29	-1	-1	-1	-1	-1	-1	0	34	0	-1	-1	1	-1	-1	2	-1	-1	3	-1	-1	4	-1	-1	-1	-1	-1	-1	-1	-1	-1	-1	-1	-1	-1	-1	-1	-1	-1	0	0	0	-1	-1	-1	-1	-1	1	-1	0	None	1	0	0
66	11049	3	66	0	-1	41000	45000	48000	50000	0	2378	5	37	-1	-1	-1	-1	-1	-1	0	32	0	-1	-1	1	-1	-1	2	-1	-1	3	-1	-1	4	-1	-1	-1	-1	-1	-1	-1	-1	-1	-1	-1	-1	-1	-1	-1	-1	-1	0	0	0	-1	-1	-1	-1	-1	1	-1	0	None	1	0	0
67	11050	3	67	0	-1	36000	38000	39500	40000	0	2411	5	36	-1	-1	-1	-1	-1	-1	0	35	0	-1	-1	1	-1	-1	2	-1	-1	3	-1	-1	4	-1	-1	-1	-1	-1	-1	-1	-1	-1	-1	-1	-1	-1	-1	-1	-1	-1	0	0	0	-1	-1	-1	-1	-1	1	-1	0	None	1	0	0
68	11051	3	68	0	-1	6000	8000	10000	11200	0	2444	7	3	-1	-1	-1	-1	-1	-1	0	40	0	-1	-1	1	-1	-1	2	-1	-1	3	-1	-1	4	-1	-1	6	-1	-1	-1	-1	-1	-1	-1	-1	-1	-1	-1	-1	-1	-1	0	0	0	-1	-1	-1	-1	-1	1	-1	0	None	1	0	0
69	11052	3	69	0	-1	25000	32000	35000	36000	0	2477	8	3	-1	-1	-1	-1	-1	-1	0	34	0	-1	-1	1	-1	-1	2	-1	-1	3	-1	-1	4	-1	-1	9	2	5	-1	-1	-1	-1	-1	-1	-1	-1	-1	-1	-1	-1	0	0	0	-1	-1	-1	-1	-1	1	-1	1	None	1	0	0
2	11020	3	2	0	-1	101	201	301	500	0	266	0	-1	-1	-1	-1	-1	-1	-1	0	25	0	-1	-1	1	-1	-1	2	-1	-1	3	-1	-1	4	-1	-1	-1	-1	-1	-1	-1	-1	-1	-1	-1	-1	-1	-1	-1	-1	-1	0	0	0	-1	-1	-1	-1	-1	2	2	0	g2	2	2	0
6	11020	3	6	0	-1	106	206	306	500	0	266	0	-1	-1	-1	-1	-1	-1	0	0	15	0	-1	-1	1	-1	-1	2	-1	-1	3	-1	-1	4	-1	-1	-1	-1	-1	-1	-1	-1	-1	-1	-1	-1	-1	-1	-1	-1	-1	0	0	0	-1	-1	-1	-1	-1	2	2	0	None	1	0	0
99	11020	3	99	0	-1	7000	9000	13000	15000	260	3467	2	-1	-1	-1	-1	-1	-1	-1	0	29	0	-1	-1	1	-1	-1	2	-1	-1	3	-1	-1	4	-1	-1	-1	-1	-1	-1	-1	-1	-1	-1	-1	-1	-1	-1	-1	-1	-1	0	0	0	-1	-1	-1	-1	-1	2	3	0	None	1	0	0
98	11020	3	98	0	-1	12000	20000	30000	34000	0	3434	2	-1	-1	-1	-1	-1	-1	-1	0	26	0	-1	-1	1	-1	-1	2	-1	-1	3	-1	-1	4	-1	-1	-1	-1	-1	-1	-1	-1	-1	-1	-1	-1	-1	-1	-1	-1	-1	0	0	0	-1	-1	-1	-1	-1	2	4	0	None	1	0	0
91	11020	3	91	0	-1	40000	50000	60000	65000	0	3203	5	-1	-1	-1	-1	-1	-1	-1	0	26	0	-1	-1	1	-1	-1	2	-1	-1	3	-1	-1	4	-1	-1	-1	-1	-1	-1	-1	-1	-1	-1	-1	-1	-1	-1	-1	-1	-1	0	0	0	-1	-1	-1	-1	-1	2	2	0	None	1	0	0
90	11063	3	90	0	-1	20000	23000	26000	30000	0	3170	5	18	-1	-1	-1	-1	-1	-1	0	30	0	-1	-1	1	-1	-1	2	-1	-1	3	-1	-1	4	-1	-1	-1	-1	-1	-1	-1	-1	-1	-1	-1	-1	-1	-1	-1	-1	-1	0	0	0	-1	-1	-1	-1	-1	1	-1	0	None	1	0	1
93	11020	3	93	0	-1	7000	10000	13000	14000	0	3269	2	-1	1	-1	-1	-1	-1	-1	0	18	0	-1	-1	1	-1	-1	2	-1	-1	3	-1	-1	4	-1	-1	-1	-1	-1	-1	-1	-1	-1	-1	-1	-1	-1	-1	-1	-1	-1	0	0	0	-1	-1	-1	-1	-1	2	7	0	None	1	0	0
92	11020	3	92	0	-1	10000	30000	40000	60000	0	3236	5	-1	-1	-1	-1	-1	-1	-1	0	24	0	-1	-1	1	-1	-1	2	-1	-1	3	-1	-1	4	-1	-1	-1	-1	-1	-1	-1	-1	-1	-1	-1	-1	-1	-1	-1	-1	-1	0	0	0	-1	-1	-1	-1	-1	2	2	0	None	1	0	0
95	11020	3	95	0	-1	9000	25000	37000	40000	0	3335	2	-1	4	-1	-1	-1	-1	-1	0	18	0	-1	-1	1	-1	-1	2	-1	-1	3	-1	-1	4	-1	-1	-1	-1	-1	-1	-1	-1	-1	-1	-1	-1	-1	-1	-1	-1	-1	0	0	0	-1	-1	-1	-1	-1	2	5	0	None	1	0	0
94	11020	3	94	0	-1	7000	8000	9000	10000	0	3302	2	-1	3	-1	-1	-1	-1	-1	0	29	0	-1	-1	1	-1	-1	2	-1	-1	3	-1	-1	4	-1	-1	-1	-1	-1	-1	-1	-1	-1	-1	-1	-1	-1	-1	-1	-1	-1	0	0	0	-1	-1	-1	-1	-1	2	6	0	None	1	0	0
97	11020	3	97	0	-1	8000	10000	13000	15000	0	3401	4	-1	-1	-1	-1	-1	-1	-1	0	24	0	-1	-1	1	-1	-1	2	-1	-1	3	-1	-1	4	-1	-1	-1	-1	-1	-1	-1	-1	-1	-1	-1	-1	-1	-1	-1	-1	-1	0	0	0	-1	-1	-1	-1	-1	2	5	0	None	1	0	0
96	11020	3	96	0	-1	5000	6000	7000	8000	0	3368	3	-1	-1	-1	-1	-1	-1	-1	0	34	0	-1	-1	1	-1	-1	2	-1	-1	3	-1	-1	4	-1	-1	-1	-1	-1	-1	-1	-1	-1	-1	-1	-1	-1	-1	-1	-1	-1	0	0	0	-1	-1	-1	-1	-1	2	3	0	None	1	0	0
11	11020	3	11	0	-1	1600	20000	2200	2500	0	563	1	-1	3	-1	-1	-1	-1	0	0	22	0	-1	-1	1	-1	-1	2	-1	-1	3	-1	-1	4	-1	-1	-1	-1	-1	-1	-1	-1	-1	-1	-1	-1	-1	-1	-1	-1	-1	0	0	0	-1	-1	-1	-1	-1	2	2	0	None	1	0	0
10	11020	3	10	0	-1	6500	7700	8200	9000	0	530	1	-1	2	-1	-1	-1	-1	-1	0	24	0	-1	-1	1	-1	-1	2	-1	-1	3	-1	-1	4	-1	-1	-1	-1	-1	-1	-1	-1	-1	-1	-1	-1	-1	-1	-1	-1	-1	0	0	0	-1	-1	38	38	-1	2	2	0	None	1	0	1
13	11020	3	13	0	-1	5000	10000	14000	17000	0	629	0	20	1	20	3	25	-1	0	0	24	0	-1	-1	1	-1	-1	2	-1	-1	3	-1	-1	4	-1	-1	-1	-1	-1	-1	-1	-1	-1	-1	-1	-1	-1	-1	-1	-1	-1	0	0	0	-1	-1	-1	-1	-1	1	-1	0	None	1	0	0
12	11020	3	12	0	-1	1600	1900	2500	2800	0	596	0	15	1	20	3	25	-1	0	0	20	0	-1	-1	1	-1	-1	2	-1	-1	3	-1	-1	4	-1	-1	-1	-1	-1	-1	-1	-1	-1	-1	-1	-1	-1	-1	-1	-1	-1	0	0	0	-1	-1	39	40	-1	1	-1	0	None	1	0	0
15	11022	3	15	0	-1	10000	12000	14000	15000	0	695	5	14	-1	-1	-1	-1	-1	-1	0	26	0	-1	-1	1	-1	-1	2	-1	-1	3	-1	-1	4	-1	-1	-1	-1	-1	-1	-1	-1	-1	-1	-1	-1	-1	-1	-1	-1	-1	0	0	0	-1	-1	-1	-1	-1	1	-1	0	None	1	6	0
14	11021	3	14	0	-1	8000	10000	12000	14000	0	662	5	9	-1	-1	-1	-1	-1	-1	0	36	0	-1	-1	1	-1	-1	2	-1	-1	3	-1	-1	4	-1	-1	-1	-1	-1	-1	-1	-1	-1	-1	-1	-1	-1	-1	-1	-1	-1	0	0	0	-1	-1	7	9	-1	1	-1	0	None	1	0	0
17	11023	3	17	0	-1	16000	25000	30000	34000	0	761	5	-1	-1	-1	-1	-1	-1	-1	0	14	0	-1	-1	1	-1	-1	2	-1	-1	3	-1	-1	4	-1	-1	-1	-1	-1	-1	-1	-1	-1	-1	-1	-1	-1	-1	-1	-1	-1	0	0	0	-1	-1	-1	-1	-1	2	2	0	None	1	0	0
16	11020	3	16	0	-1	10000	18000	25000	30000	0	728	5	-1	-1	-1	-1	-1	-1	-1	0	12	0	-1	-1	1	-1	-1	2	-1	-1	3	-1	-1	4	-1	-1	-1	-1	-1	-1	-1	-1	-1	-1	-1	-1	-1	-1	-1	-1	-1	0	0	0	-1	-1	-1	-1	-1	2	2	0	None	1	0	0
19	11025	3	19	0	-1	12500	14000	14700	15500	0	827	9	12	3	21	4	23	2	18	0	23	0	-1	-1	1	-1	-1	2	-1	-1	3	-1	-1	4	-1	-1	-1	-1	-1	-1	-1	-1	-1	-1	-1	-1	-1	-1	-1	-1	-1	0	0	0	-1	-1	-1	-1	-1	1	-1	0	None	1	0	0
18	11024	3	18	0	-1	800	1000	1100	1500	0	794	4	14	0	14	1	15	2	14	0	17	0	-1	-1	1	-1	-1	2	-1	-1	3	-1	-1	4	-1	-1	-1	-1	-1	-1	-1	-1	-1	-1	-1	-1	-1	-1	-1	-1	-1	0	0	0	-1	-1	-1	-1	-1	1	-1	0	None	1	0	0
117	11020	3	117	0	-1	10000	15000	20000	22000	0	4061	2	-1	-1	-1	-1	-1	-1	-1	0	26	0	-1	-1	1	-1	-1	2	-1	-1	3	-1	-1	4	-1	-1	-1	-1	-1	-1	-1	-1	-1	-1	-1	-1	-1	-1	-1	-1	-1	0	0	0	-1	-1	-1	-1	-1	2	5	0	None	1	0	0
116	11020	3	116	0	-1	10000	20000	35000	40000	0	4028	2	-1	-1	-1	-1	-1	-1	-1	0	28	0	-1	-1	1	-1	-1	2	-1	-1	3	-1	-1	4	-1	-1	-1	-1	-1	-1	-1	-1	-1	-1	-1	-1	-1	-1	-1	-1	-1	0	0	0	-1	-1	-1	-1	-1	2	3	0	None	1	0	0
150	11093	3	150	0	-1	30000	43000	50000	55000	0	5150	5	16	-1	-1	-1	-1	-1	-1	0	40	0	-1	-1	1	-1	-1	2	-1	-1	3	-1	-1	4	-1	-1	-1	-1	-1	-1	-1	-1	-1	-1	-1	-1	-1	-1	-1	-1	-1	0	0	0	-1	-1	-1	-1	-1	1	-1	0	None	1	0	1
48	11042	3	48	0	-1	5000	7000	10000	12000	0	1784	5	4	-1	-1	-1	-1	-1	-1	0	22	0	-1	-1	1	-1	-1	2	-1	-1	3	-1	-1	4	-1	-1	-1	-1	-1	-1	-1	-1	-1	-1	-1	-1	-1	-1	-1	-1	-1	0	0	0	-1	-1	-1	-1	-1	1	-1	0	None	1	0	0
49	11020	3	49	0	-1	24000	26000	28000	35000	120	1817	5	4	-1	-1	-1	-1	-1	0	0	28	0	-1	-1	1	-1	-1	2	-1	-1	3	-1	-1	4	-1	-1	-1	-1	-1	-1	-1	-1	-1	-1	-1	-1	-1	-1	-1	-1	-1	0	0	0	-1	-1	-1	-1	-1	1	-1	0	None	1	0	0
46	11040	3	46	0	-1	15000	17000	18000	19000	0	1718	-1	-1	-1	-1	5	16	-1	-1	0	41	0	-1	-1	1	-1	-1	2	-1	-1	3	-1	-1	4	-1	-1	15	3	8	-1	-1	-1	-1	-1	-1	-1	-1	-1	-1	-1	-1	0	0	0	-1	-1	-1	-1	-1	1	-1	0	None	1	0	0
47	11041	3	47	0	-1	30000	32000	34000	40000	0	1751	8	3	-1	-1	-1	-1	-1	-1	0	33	0	-1	-1	1	-1	-1	2	-1	-1	3	-1	-1	4	-1	-1	9	1	3	-1	-1	-1	-1	-1	-1	-1	-1	-1	-1	-1	-1	0	0	0	-1	-1	-1	-1	-1	1	-1	1	None	1	0	0
44	11038	3	44	0	-1	25000	28000	31000	34000	0	1652	5	4	19	12	-1	-1	-1	-1	0	38	0	-1	-1	1	-1	-1	2	-1	-1	3	-1	-1	4	-1	-1	-1	-1	-1	-1	-1	-1	-1	-1	-1	-1	-1	-1	-1	-1	-1	0	0	0	-1	-1	-1	-1	-1	1	-1	0	None	1	0	0
45	11039	3	45	0	-1	41000	43000	45500	50000	0	1685	5	33	9	9	-1	-1	-1	-1	0	39	0	-1	-1	1	-1	-1	2	-1	-1	3	-1	-1	4	-1	-1	-1	-1	-1	-1	-1	-1	-1	-1	-1	-1	-1	-1	-1	-1	-1	0	0	0	-1	-1	-1	-1	-1	1	-1	0	None	1	0	0
42	11020	3	42	0	-1	38000	44000	47000	50000	0	1586	5	23	-1	-1	-1	-1	-1	0	0	43	0	-1	-1	1	-1	-1	2	-1	-1	3	-1	-1	4	-1	-1	-1	-1	-1	-1	-1	-1	-1	-1	-1	-1	-1	-1	-1	-1	-1	0	0	0	-1	-1	-1	-1	-1	1	-1	0	None	1	0	0
43	11037	3	43	0	-1	20000	21000	23000	25000	0	1619	8	2	-1	-1	-1	-1	-1	-1	0	35	0	-1	-1	1	-1	-1	2	-1	-1	3	-1	-1	4	-1	-1	9	2	2	-1	-1	-1	-1	-1	-1	-1	-1	-1	-1	-1	-1	0	0	0	-1	-1	10	11	-1	1	-1	1	None	1	0	0
40	11020	3	40	0	-1	8000	9000	10000	11000	0	1520	0	-1	-1	-1	-1	-1	-1	-1	0	25	0	-1	-1	1	-1	-1	2	-1	-1	3	-1	-1	4	-1	-1	-1	-1	-1	-1	-1	-1	-1	-1	-1	-1	-1	-1	-1	-1	-1	0	0	0	-1	-1	-1	-1	-1	2	2	0	None	1	0	1
41	11036	3	41	0	-1	45000	50000	59000	60000	0	1553	5	39	-1	-1	-1	-1	-1	-1	0	34	0	-1	-1	1	-1	-1	2	-1	-1	3	-1	-1	4	-1	-1	-1	-1	-1	-1	-1	-1	-1	-1	-1	-1	-1	-1	-1	-1	-1	0	0	0	-1	-1	-1	-1	-1	1	-1	0	None	1	0	0
1	11020	3	1	0	-1	100	200	300	500	0	233	0	-1	-1	-1	-1	-1	-1	-1	0	27	0	-1	-1	1	-1	-1	2	-1	-1	3	-1	-1	4	-1	-1	-1	-1	-1	-1	-1	-1	-1	-1	-1	-1	-1	-1	-1	-1	-1	0	0	0	-1	-1	-1	-1	-1	2	2	0	g1	2	1	0
5	11020	3	5	0	-1	103	203	303	500	0	332	0	-1	-1	-1	-1	-1	-1	-1	0	16	0	-1	-1	1	-1	-1	2	-1	-1	3	-1	-1	4	-1	-1	-1	-1	-1	-1	-1	-1	-1	-1	-1	-1	-1	-1	-1	-1	-1	0	0	0	-1	-1	-1	-1	-1	2	2	0	g5	2	0	0
9	11020	3	9	0	-1	800	1100	1200	1500	0	464	0	-1	1	-1	-1	-1	-1	0	0	22	0	-1	-1	1	-1	-1	2	-1	-1	3	-1	-1	4	-1	-1	-1	-1	-1	-1	-1	-1	-1	-1	-1	-1	-1	-1	-1	-1	-1	0	0	0	-1	-1	-1	-1	-1	2	2	0	None	1	0	0
146	11020	3	146	0	-1	10000	15000	22000	25000	0	5018	3	-1	-1	-1	-1	-1	-1	-1	0	22	0	-1	-1	1	-1	-1	2	-1	-1	3	-1	-1	4	-1	-1	-1	-1	-1	-1	-1	-1	-1	-1	-1	-1	-1	-1	-1	-1	-1	0	0	0	-1	-1	-1	-1	-1	2	6	0	None	1	0	0
147	11020	3	147	0	-1	10000	20000	28000	30000	0	5051	2	-1	1	-1	-1	-1	-1	-1	0	22	0	-1	-1	1	-1	-1	2	-1	-1	3	-1	-1	4	-1	-1	-1	-1	-1	-1	-1	-1	-1	-1	-1	-1	-1	-1	-1	-1	-1	0	0	0	-1	-1	-1	-1	-1	2	4	0	None	1	0	0
144	11087	3	144	0	-1	60000	80000	100000	110000	0	4952	10	9	11	3	-1	-1	-1	-1	0	35	0	-1	-1	1	-1	-1	2	-1	-1	3	-1	-1	-1	-1	-1	41	1	3	-1	-1	-1	-1	-1	-1	-1	-1	-1	-1	-1	-1	0	0	0	-1	-1	-1	-1	-1	1	-1	1	None	1	0	0
145	11088	3	145	0	-1	2000	2500	3000	3500	0	4985	18	5	-1	-1	-1	-1	-1	-1	0	30	0	-1	-1	1	-1	-1	2	-1	-1	3	-1	-1	4	-1	-1	30	2	5	-1	-1	-1	-1	-1	-1	-1	-1	-1	-1	-1	-1	0	0	0	-1	-1	-1	-1	-1	1	-1	0	None	1	0	0
142	11085	3	142	0	-1	40000	45000	49000	50000	0	4886	5	47	-1	-1	-1	-1	-1	-1	0	28	0	-1	-1	1	-1	-1	2	-1	-1	3	-1	-1	4	-1	-1	-1	-1	-1	-1	-1	-1	-1	-1	-1	-1	-1	-1	-1	-1	-1	0	0	0	-1	-1	-1	-1	-1	1	-1	0	None	1	0	0
143	11086	3	143	0	-1	80000	90000	100000	105000	0	4919	0	25	1	30	-1	-1	-1	-1	0	26	0	-1	-1	1	-1	-1	2	-1	-1	3	-1	-1	4	-1	-1	-1	-1	-1	-1	-1	-1	-1	-1	-1	-1	-1	-1	-1	-1	-1	0	0	0	-1	-1	-1	-1	-1	1	-1	0	None	1	0	0
140	11020	3	140	0	-1	15000	25000	43000	45000	0	4820	2	-1	-1	-1	-1	-1	-1	-1	0	26	0	-1	-1	1	-1	-1	2	-1	-1	3	-1	-1	4	-1	-1	-1	-1	-1	-1	-1	-1	-1	-1	-1	-1	-1	-1	-1	-1	-1	0	0	0	-1	-1	-1	-1	-1	2	2	0	None	1	0	1
141	11084	3	141	0	-1	70000	80000	83000	90000	0	4853	11	3	8	4	-1	-1	-1	-1	0	35	0	-1	-1	1	-1	-1	2	-1	-1	3	-1	-1	-1	-1	-1	41	2	3	9	2	4	-1	-1	-1	-1	-1	-1	-1	-1	-1	0	0	0	-1	-1	-1	-1	-1	1	-1	1	None	1	0	0
148	11020	3	148	0	-1	11000	22000	40000	50000	0	5084	5	-1	-1	-1	-1	-1	-1	-1	0	22	0	-1	-1	1	-1	-1	2	-1	-1	3	-1	-1	4	-1	-1	-1	-1	-1	-1	-1	-1	-1	-1	-1	-1	-1	-1	-1	-1	-1	0	0	0	-1	-1	-1	-1	-1	2	6	0	None	1	0	0
149	11092	3	149	0	-1	25000	30000	34000	40000	420	5117	10	10	-1	-1	-1	-1	-1	-1	0	37	0	-1	-1	1	-1	-1	2	-1	-1	3	-1	-1	-1	-1	-1	-1	-1	-1	-1	-1	-1	-1	-1	-1	-1	-1	-1	-1	-1	-1	0	0	0	-1	-1	-1	-1	-1	1	-1	0	None	1	0	0
77	11020	3	77	0	-1	15000	22000	30000	31000	0	2741	3	-1	-1	-1	-1	-1	-1	-1	0	26	0	-1	-1	1	-1	-1	2	-1	-1	3	-1	-1	4	-1	-1	-1	-1	-1	-1	-1	-1	-1	-1	-1	-1	-1	-1	-1	-1	-1	0	0	0	-1	-1	-1	-1	-1	2	7	0	None	1	0	0
76	11020	3	76	0	-1	20000	30000	34000	40000	0	2708	3	-1	-1	-1	-1	-1	-1	-1	0	24	0	-1	-1	1	-1	-1	2	-1	-1	3	-1	-1	4	-1	-1	-1	-1	-1	-1	-1	-1	-1	-1	-1	-1	-1	-1	-1	-1	-1	0	0	0	-1	-1	-1	-1	-1	2	5	0	None	1	0	0
75	11020	3	75	0	-1	16000	20000	25000	27000	0	2675	4	-1	-1	-1	-1	-1	-1	-1	0	37	0	-1	-1	1	-1	-1	2	-1	-1	3	-1	-1	4	-1	-1	-1	-1	-1	-1	-1	-1	-1	-1	-1	-1	-1	-1	-1	-1	-1	0	0	0	-1	-1	-1	-1	-1	2	5	0	None	1	0	0
74	11020	3	74	0	-1	32000	45000	55000	60000	0	2642	5	-1	-1	-1	-1	-1	-1	-1	0	16	0	-1	-1	1	-1	-1	2	-1	-1	3	-1	-1	4	-1	-1	-1	-1	-1	-1	-1	-1	-1	-1	-1	-1	-1	-1	-1	-1	-1	0	0	0	-1	-1	-1	-1	-1	2	2	0	None	1	0	0
73	11020	3	73	0	-1	6000	8000	10000	11000	0	2609	3	-1	-1	-1	-1	-1	-1	-1	0	24	0	-1	-1	1	-1	-1	2	-1	-1	3	-1	-1	4	-1	-1	-1	-1	-1	-1	-1	-1	-1	-1	-1	-1	-1	-1	-1	-1	-1	0	0	0	-1	-1	-1	-1	-1	2	4	0	None	1	0	0
72	11020	3	72	0	-1	28000	37000	48000	50000	0	2576	0	-1	-1	-1	-1	-1	-1	-1	0	28	0	-1	-1	1	-1	-1	2	-1	-1	3	-1	-1	4	-1	-1	-1	-1	-1	-1	-1	-1	-1	-1	-1	-1	-1	-1	-1	-1	-1	0	0	0	-1	-1	-1	-1	-1	2	4	0	None	1	0	0
71	11020	3	71	0	-1	20000	25000	26500	28000	0	2543	2	0	-1	-1	-1	-1	-1	-1	0	23	0	-1	-1	1	-1	-1	2	-1	-1	3	-1	-1	4	-1	-1	-1	-1	-1	-1	-1	-1	-1	-1	-1	-1	-1	-1	-1	-1	-1	0	0	0	-1	-1	-1	-1	-1	2	2	0	None	1	0	0
70	11053	3	70	0	-1	24000	27000	29000	30000	0	2510	10	9	-1	-1	-1	-1	-1	-1	0	26	0	-1	-1	1	-1	-1	2	-1	-1	3	-1	-1	4	-1	-1	-1	-1	-1	-1	-1	-1	-1	-1	-1	-1	-1	-1	-1	-1	-1	0	0	0	-1	-1	-1	-1	-1	1	-1	0	None	1	0	1
79	11020	3	79	0	-1	11000	18000	21000	22000	200	2807	2	-1	-1	-1	-1	-1	-1	-1	0	24	0	-1	-1	1	-1	-1	2	-1	-1	3	-1	-1	4	-1	-1	15	2	4	-1	-1	-1	-1	-1	-1	-1	-1	-1	-1	-1	-1	0	0	0	-1	-1	-1	-1	-1	2	6	0	None	1	0	0
78	11020	3	78	0	-1	10000	12000	13000	13500	0	2774	4	-1	-1	-1	-1	-1	-1	-1	0	23	0	-1	-1	1	-1	-1	2	-1	-1	3	-1	-1	4	-1	-1	-1	-1	-1	-1	-1	-1	-1	-1	-1	-1	-1	-1	-1	-1	-1	0	0	0	-1	-1	-1	-1	-1	2	6	0	None	1	0	0
