10	【爆      炸】*5【魔法勺】*5 【临时刷新】*4	2	礼包5	399	5	5	5	1	4	2	libao	-1
1	【魔法勺】 * 1	1	魔法勺	30	1	1	-1	-1	-1	-1	shaozi	-1
3	【超级交换】* 1	1	超级交换	40	1	3	-1	-1	-1	-1	jiaohuan	-1
2	【刷新】 * 1	1	临时刷新	30	1	2	-1	-1	-1	-1	shuaxin	-1
5	【爆炸】 * 1	1	爆炸	50	1	5	-1	-1	-1	-1	zhadan	-1
4	【直线火箭】 * 1	1	直线火箭	50	1	4	-1	-1	-1	-1	huojian	-1
7	【爆  炸】 * 5 【临时刷新】*5 【直线火箭】*5	2	礼包2	499	5	5	5	2	5	4	libao	-1
6	【超级交换】*5【临时刷新】*5 【直线】*4	2	礼包1	439	5	3	5	2	4	4	libao	-1
9	【爆      炸】*4【临时刷新】*6【直线火箭】*4	2	礼包4	459	4	5	6	2	4	4	libao	-1
8	【超级交换】*5【临时刷新】*5【魔法勺】 * 4	2	礼包3	399	5	3	5	2	4	1	libao	-1
