344	2015	51	1	1	0	0	1
345	2015	51	2	1	0	0	2
346	2015	51	3	2	0	2	1
347	2015	51	4	1	0	2	4
340	2015	50	4	1	0	2	4
341	2015	50	5	2	0	1	1
342	2015	50	6	1	0	0	8
343	2015	50	7	2	0	4	1
348	2015	51	5	2	0	1	1
349	2015	51	6	1	0	0	8
298	2015	44	4	1	0	2	4
299	2015	44	5	2	0	1	1
296	2015	44	2	1	0	0	2
297	2015	44	3	2	0	2	1
294	2015	43	7	2	0	4	1
295	2015	44	1	1	0	0	1
292	2015	43	5	2	0	1	1
293	2015	43	6	1	0	0	8
290	2015	43	3	2	0	2	1
291	2015	43	4	1	0	2	4
199	2015	30	3	2	0	2	1
198	2015	30	2	1	0	0	2
195	2015	29	6	1	0	0	8
194	2015	29	5	2	0	1	1
197	2015	30	1	1	0	0	1
196	2015	29	7	2	0	4	1
191	2015	29	2	1	0	0	2
190	2015	29	1	1	0	0	1
193	2015	29	4	1	0	2	4
192	2015	29	3	2	0	2	1
270	2015	40	4	1	0	2	4
271	2015	40	5	2	0	1	1
272	2015	40	6	1	0	0	8
273	2015	40	7	2	0	4	1
274	2015	41	1	1	0	0	1
275	2015	41	2	1	0	0	2
276	2015	41	3	2	0	2	1
277	2015	41	4	1	0	2	4
278	2015	41	5	2	0	1	1
279	2015	41	6	1	0	0	8
108	2015	17	3	2	0	2	1
109	2015	17	4	1	0	2	4
102	2015	16	4	1	0	2	4
103	2015	16	5	2	0	1	1
100	2015	16	2	1	0	0	2
101	2015	16	3	2	0	2	1
106	2015	17	1	1	0	0	1
107	2015	17	2	1	0	0	2
104	2015	16	6	1	0	0	8
105	2015	16	7	2	0	4	1
39	2015	7	4	1	0	2	4
38	2015	7	3	2	0	2	1
33	2015	6	5	2	0	1	1
32	2015	6	4	1	0	2	4
31	2015	6	3	2	0	2	1
30	2015	6	2	1	0	0	2
37	2015	7	2	1	0	0	2
36	2015	7	1	1	0	0	1
35	2015	6	7	2	0	4	1
34	2015	6	6	1	0	0	8
339	2015	50	3	2	0	2	1
338	2015	50	2	1	0	0	2
335	2015	49	6	1	0	0	8
334	2015	49	5	2	0	1	1
337	2015	50	1	1	0	0	1
336	2015	49	7	2	0	4	1
331	2015	49	2	1	0	0	2
330	2015	49	1	1	0	0	1
333	2015	49	4	1	0	2	4
332	2015	49	3	2	0	2	1
6	2015	2	6	1	0	0	8
99	2015	16	1	1	0	0	1
98	2015	15	7	2	0	4	1
91	2015	14	7	2	0	4	1
90	2015	14	6	1	0	0	8
93	2015	15	2	1	0	0	2
92	2015	15	1	1	0	0	1
95	2015	15	4	1	0	2	4
94	2015	15	3	2	0	2	1
97	2015	15	6	1	0	0	8
96	2015	15	5	2	0	1	1
238	2015	35	7	2	0	4	1
239	2015	36	1	1	0	0	1
234	2015	35	3	2	0	2	1
235	2015	35	4	1	0	2	4
236	2015	35	5	2	0	1	1
237	2015	35	6	1	0	0	8
230	2015	34	6	1	0	0	8
231	2015	34	7	2	0	4	1
232	2015	35	1	1	0	0	1
233	2015	35	2	1	0	0	2
1	2015	2	1	1	0	0	1
146	2015	22	6	1	0	0	8
147	2015	22	7	2	0	4	1
144	2015	22	4	1	0	2	4
145	2015	22	5	2	0	1	1
142	2015	22	2	1	0	0	2
143	2015	22	3	2	0	2	1
140	2015	21	7	2	0	4	1
141	2015	22	1	1	0	0	1
148	2015	23	1	1	0	0	1
149	2015	23	2	1	0	0	2
133	2015	20	7	2	0	4	1
132	2015	20	6	1	0	0	8
131	2015	20	5	2	0	1	1
130	2015	20	4	1	0	2	4
137	2015	21	4	1	0	2	4
136	2015	21	3	2	0	2	1
135	2015	21	2	1	0	0	2
134	2015	21	1	1	0	0	1
139	2015	21	6	1	0	0	8
138	2015	21	5	2	0	1	1
24	2015	5	3	2	0	2	1
25	2015	5	4	1	0	2	4
26	2015	5	5	2	0	1	1
27	2015	5	6	1	0	0	8
20	2015	4	6	1	0	0	8
21	2015	4	7	2	0	4	1
22	2015	5	1	1	0	0	1
23	2015	5	2	1	0	0	2
28	2015	5	7	2	0	4	1
29	2015	6	1	1	0	0	1
88	2015	14	4	1	0	2	4
89	2015	14	5	2	0	1	1
82	2015	13	5	2	0	1	1
83	2015	13	6	1	0	0	8
80	2015	13	3	2	0	2	1
81	2015	13	4	1	0	2	4
86	2015	14	2	1	0	0	2
87	2015	14	3	2	0	2	1
84	2015	13	7	2	0	4	1
85	2015	14	1	1	0	0	1
7	2015	2	7	2	0	4	1
245	2015	36	7	2	0	4	1
244	2015	36	6	1	0	0	8
247	2015	37	2	1	0	0	2
246	2015	37	1	1	0	0	1
241	2015	36	3	2	0	2	1
240	2015	36	2	1	0	0	2
243	2015	36	5	2	0	1	1
242	2015	36	4	1	0	2	4
249	2015	37	4	1	0	2	4
248	2015	37	3	2	0	2	1
179	2015	27	4	1	0	2	4
178	2015	27	3	2	0	2	1
177	2015	27	2	1	0	0	2
176	2015	27	1	1	0	0	1
175	2015	26	7	2	0	4	1
174	2015	26	6	1	0	0	8
173	2015	26	5	2	0	1	1
172	2015	26	4	1	0	2	4
171	2015	26	3	2	0	2	1
170	2015	26	2	1	0	0	2
253	2015	38	1	1	0	0	1
182	2015	27	7	2	0	4	1
183	2015	28	1	1	0	0	1
180	2015	27	5	2	0	1	1
181	2015	27	6	1	0	0	8
186	2015	28	4	1	0	2	4
187	2015	28	5	2	0	1	1
184	2015	28	2	1	0	0	2
185	2015	28	3	2	0	2	1
188	2015	28	6	1	0	0	8
189	2015	28	7	2	0	4	1
11	2015	3	4	1	0	2	4
10	2015	3	3	2	0	2	1
13	2015	3	6	1	0	0	8
12	2015	3	5	2	0	1	1
15	2015	4	1	1	0	0	1
14	2015	3	7	2	0	4	1
17	2015	4	3	2	0	2	1
16	2015	4	2	1	0	0	2
19	2015	4	5	2	0	1	1
18	2015	4	4	1	0	2	4
62	2015	10	6	1	0	0	8
322	2015	47	7	2	0	4	1
323	2015	48	1	1	0	0	1
320	2015	47	5	2	0	1	1
321	2015	47	6	1	0	0	8
326	2015	48	4	1	0	2	4
327	2015	48	5	2	0	1	1
324	2015	48	2	1	0	0	2
325	2015	48	3	2	0	2	1
328	2015	48	6	1	0	0	8
329	2015	48	7	2	0	4	1
201	2015	30	5	2	0	1	1
200	2015	30	4	1	0	2	4
203	2015	30	7	2	0	4	1
202	2015	30	6	1	0	0	8
205	2015	31	2	1	0	0	2
204	2015	31	1	1	0	0	1
207	2015	31	4	1	0	2	4
206	2015	31	3	2	0	2	1
209	2015	31	6	1	0	0	8
208	2015	31	5	2	0	1	1
77	2015	12	7	2	0	4	1
76	2015	12	6	1	0	0	8
75	2015	12	5	2	0	1	1
74	2015	12	4	1	0	2	4
73	2015	12	3	2	0	2	1
72	2015	12	2	1	0	0	2
71	2015	12	1	1	0	0	1
70	2015	11	7	2	0	4	1
79	2015	13	2	1	0	0	2
78	2015	13	1	1	0	0	1
2	2015	2	2	1	0	0	2
8	2015	3	1	1	0	0	1
68	2015	11	5	2	0	1	1
120	2015	19	1	1	0	0	1
121	2015	19	2	1	0	0	2
122	2015	19	3	2	0	2	1
123	2015	19	4	1	0	2	4
124	2015	19	5	2	0	1	1
125	2015	19	6	1	0	0	8
126	2015	19	7	2	0	4	1
127	2015	20	1	1	0	0	1
128	2015	20	2	1	0	0	2
129	2015	20	3	2	0	2	1
319	2015	47	4	1	0	2	4
318	2015	47	3	2	0	2	1
313	2015	46	5	2	0	1	1
312	2015	46	4	1	0	2	4
311	2015	46	3	2	0	2	1
310	2015	46	2	1	0	0	2
317	2015	47	2	1	0	0	2
316	2015	47	1	1	0	0	1
315	2015	46	7	2	0	4	1
314	2015	46	6	1	0	0	8
3	2015	2	3	2	0	2	1
364	2015	53	7	2	0	4	1
365	2015	54	1	1	1	1	1
362	2015	53	5	2	0	1	1
363	2015	53	6	1	0	0	8
360	2015	53	3	2	0	2	1
361	2015	53	4	1	0	2	4
60	2015	10	4	1	0	2	4
61	2015	10	5	2	0	1	1
258	2015	38	6	1	0	0	8
259	2015	38	7	2	0	4	1
64	2015	11	1	1	0	0	1
65	2015	11	2	1	0	0	2
66	2015	11	3	2	0	2	1
67	2015	11	4	1	0	2	4
252	2015	37	7	2	0	4	1
69	2015	11	6	1	0	0	8
250	2015	37	5	2	0	1	1
251	2015	37	6	1	0	0	8
256	2015	38	4	1	0	2	4
257	2015	38	5	2	0	1	1
254	2015	38	2	1	0	0	2
255	2015	38	3	2	0	2	1
168	2015	25	7	2	0	4	1
169	2015	26	1	1	0	0	1
164	2015	25	3	2	0	2	1
165	2015	25	4	1	0	2	4
166	2015	25	5	2	0	1	1
167	2015	25	6	1	0	0	8
160	2015	24	6	1	0	0	8
161	2015	24	7	2	0	4	1
162	2015	25	1	1	0	0	1
163	2015	25	2	1	0	0	2
9	2015	3	2	1	0	0	2
357	2015	52	7	2	0	4	1
356	2015	52	6	1	0	0	8
355	2015	52	5	2	0	1	1
354	2015	52	4	1	0	2	4
353	2015	52	3	2	0	2	1
352	2015	52	2	1	0	0	2
351	2015	52	1	1	0	0	1
350	2015	51	7	2	0	4	1
359	2015	53	2	1	0	0	2
358	2015	53	1	1	0	0	1
216	2015	32	6	1	0	0	8
217	2015	32	7	2	0	4	1
214	2015	32	4	1	0	2	4
215	2015	32	5	2	0	1	1
212	2015	32	2	1	0	0	2
213	2015	32	3	2	0	2	1
210	2015	31	7	2	0	4	1
211	2015	32	1	1	0	0	1
218	2015	33	1	1	0	0	1
219	2015	33	2	1	0	0	2
289	2015	43	2	1	0	0	2
288	2015	43	1	1	0	0	1
4	2015	2	4	1	0	2	4
281	2015	42	1	1	0	0	1
280	2015	41	7	2	0	4	1
283	2015	42	3	2	0	2	1
282	2015	42	2	1	0	0	2
285	2015	42	5	2	0	1	1
284	2015	42	4	1	0	2	4
287	2015	42	7	2	0	4	1
286	2015	42	6	1	0	0	8
263	2015	39	4	1	0	2	4
262	2015	39	3	2	0	2	1
261	2015	39	2	1	0	0	2
260	2015	39	1	1	0	0	1
267	2015	40	1	1	0	0	1
266	2015	39	7	2	0	4	1
265	2015	39	6	1	0	0	8
264	2015	39	5	2	0	1	1
269	2015	40	3	2	0	2	1
268	2015	40	2	1	0	0	2
59	2015	10	3	2	0	2	1
58	2015	10	2	1	0	0	2
55	2015	9	6	1	0	0	8
54	2015	9	5	2	0	1	1
57	2015	3	1	1	0	0	1
56	2015	9	7	2	0	4	1
51	2015	9	2	1	0	0	2
50	2015	9	1	1	0	0	1
53	2015	9	4	1	0	2	4
52	2015	9	3	2	0	2	1
63	2015	10	7	2	0	4	1
115	2015	18	3	2	0	2	1
114	2015	18	2	1	0	0	2
117	2015	18	5	2	0	1	1
116	2015	18	4	1	0	2	4
111	2015	17	6	1	0	0	8
110	2015	17	5	2	0	1	1
113	2015	18	1	1	0	0	1
112	2015	17	7	2	0	4	1
119	2015	18	7	2	0	4	1
118	2015	18	6	1	0	0	8
308	2015	45	7	2	0	4	1
309	2015	46	1	1	0	0	1
300	2015	44	6	1	0	0	8
301	2015	44	7	2	0	4	1
302	2015	45	1	1	0	0	1
303	2015	45	2	1	0	0	2
304	2015	45	3	2	0	2	1
305	2015	45	4	1	0	2	4
306	2015	45	5	2	0	1	1
307	2015	45	6	1	0	0	8
229	2015	34	5	2	0	1	1
228	2015	34	4	1	0	2	4
227	2015	34	3	2	0	2	1
226	2015	34	2	1	0	0	2
225	2015	34	1	1	0	0	1
224	2015	33	7	2	0	4	1
223	2015	33	6	1	0	0	8
222	2015	33	5	2	0	1	1
221	2015	33	4	1	0	2	4
220	2015	33	3	2	0	2	1
151	2015	23	4	1	0	2	4
150	2015	23	3	2	0	2	1
153	2015	23	6	1	0	0	8
152	2015	23	5	2	0	1	1
155	2015	24	1	1	0	0	1
154	2015	23	7	2	0	4	1
157	2015	24	3	2	0	2	1
156	2015	24	2	1	0	0	2
159	2015	24	5	2	0	1	1
158	2015	24	4	1	0	2	4
48	2015	8	6	1	0	0	8
49	2015	8	7	2	0	4	1
46	2015	8	4	1	0	2	4
47	2015	3	5	2	0	1	1
44	2015	8	2	1	0	0	2
45	2015	8	3	2	0	2	1
42	2015	7	7	2	0	4	1
43	2015	8	1	1	0	0	1
40	2015	7	5	2	0	1	1
41	2015	7	6	1	0	0	8
5	2015	2	5	2	0	1	1
